14.80200
15.58800
15.97600
16.27600
16.91200
17.06000
17.34000
17.56000
17.96200
18.31600
18.58800
18.96600
19.48400
19.70600
20.00400
20.34200
20.66800
20.84400
21.08400
21.30800
21.46000
21.77200
22.02800
22.34400
22.54800
22.73200
22.70200
22.91400
23.37200
23.53400
23.64400
23.78400
23.89000
24.00800
24.11000
24.29000
24.42800
24.48000
24.79400
24.83800
24.99800
25.23800
25.09000
25.28400
25.29600
25.30600
25.51200
25.54400
25.74200
25.78600
25.89400
25.98000
25.99600
25.97200
26.04400
26.12600
26.26400
26.33400
26.31600
26.33800
26.47600
26.60600
26.68000
26.82400
26.85800
26.88600
26.87200
26.85600
27.05600
27.06800
27.20800
27.30200
27.38600
27.46600
27.53200
27.56600
27.50400
27.54600
27.62800
27.58400
27.59000
27.70000
27.69600
27.84400
27.74000
27.64000
27.61600
27.59600
27.55800
27.66000
27.75000
27.78400
27.72400
27.66400
27.68400
27.75800
27.68200
27.75800
27.77400
27.84200
27.92600
27.98200
28.05800
28.05600
28.20600
28.32800
28.56200
28.57200
28.69400
28.64000
28.71200
28.72600
28.75600
28.77400
28.88000
28.97600
28.97200
29.00400
29.00400
29.04800
29.05400
29.12200
29.13400
29.22000
29.31400
29.31800
29.37000
29.44400
29.38200
29.42400
29.48800
29.44200
29.50800
29.60000
29.61800
29.65200
29.64000
29.66800
29.66800
29.72200
29.76600
29.76600
29.75200
29.81800
29.79000
29.82000
29.85800
29.81600
29.87000
29.87600
29.88000
29.88600
29.91400
29.88800
29.90800
29.91200
29.92800
29.93400
29.95400
29.95200
29.95600
29.96000
29.97800
29.98400
29.98200
29.99200
29.98800
29.99200
29.98800
29.99000
29.98600
29.99200
29.99600
29.99800
29.99200
29.98600
29.98800
30.00000
