15.18200
15.65000
16.21000
16.47200
16.87200
17.22200
17.67400
17.96000
18.30000
18.54000
18.76200
19.36000
19.61000
19.96000
20.18600
20.40200
20.72000
20.67600
20.84600
21.07600
21.41600
21.57200
21.77000
22.34000
22.65600
22.79800
23.13400
23.41800
23.54600
23.74800
23.61800
23.95000
24.06800
24.34400
24.37600
24.51000
24.68600
24.74000
24.85600
24.64400
24.78800
25.07600
25.15000
25.01000
25.10000
25.24400
25.48200
25.71200
25.66400
25.69600
25.77000
25.85200
25.96000
26.04800
26.03400
26.24200
26.25800
26.32400
26.46000
26.46000
26.50000
26.48800
26.50400
26.56200
26.67000
26.85200
26.84000
26.95600
27.07000
27.30600
27.45800
27.50000
27.60200
27.49000
27.66800
27.85400
27.91400
28.01000
27.99400
28.01600
28.12600
28.09200
28.05800
28.16200
28.19200
28.21000
28.26800
28.34800
28.44000
28.52200
28.45600
28.42800
28.43800
28.50200
28.53000
28.64400
28.68800
28.64800
28.67600
28.70000
28.75000
28.71400
28.74800
28.74400
28.76000
28.88600
28.94000
29.02800
29.01600
28.96400
28.99000
28.99400
29.00800
29.00200
29.04800
29.11600
29.13800
29.15400
29.15000
29.21600
29.22800
29.33000
29.39600
29.44600
29.45600
29.49800
29.48400
29.47600
29.51600
29.53000
29.55400
29.61600
29.64800
29.67400
29.63800
29.66800
29.66600
29.62200
29.65800
29.62800
29.65800
29.66400
29.65200
29.66200
29.72000
29.79600
29.84000
29.83600
29.82800
29.85600
29.89000
29.89600
29.90000
29.90000
29.90000
29.88600
29.88000
29.92400
29.95600
29.96000
29.95600
29.98800
29.99200
29.98800
29.99000
29.98600
29.97600
29.97600
29.96400
29.95600
29.97400
29.98000
29.97200
29.97600
29.97600
29.96800
29.97600
29.95800
29.96000
29.96200
29.96000
29.97200
29.98600
29.99600
29.99200
29.98200
29.97400
29.97600
29.96400
29.94600
29.94800
29.95800
29.95200
29.96000
29.95000
29.95800
29.96000
29.94400
29.93800
29.94600
