15.03400
15.41200
15.79400
16.35600
16.45600
16.68800
16.99200
17.38000
17.86000
18.29600
18.82800
18.90400
19.43200
19.83600
19.99600
20.40400
20.55600
20.87200
21.08000
21.41600
21.56400
21.90800
22.40400
22.37200
22.66000
22.72600
22.85600
22.87200
23.13600
23.28000
23.51600
23.76800
24.23600
24.39200
24.46800
24.60800
24.47600
24.52800
24.60000
24.59600
24.79200
24.92400
25.26800
25.28000
25.56000
25.53200
25.72800
25.83600
26.12800
26.07600
26.33600
26.56800
26.61400
26.79600
27.00800
27.18400
27.16400
27.16800
27.04400
27.09600
27.23200
27.34400
27.29600
27.42400
27.62200
27.66800
27.69200
27.74800
27.77200
27.66800
27.63200
27.64800
27.70800
27.79600
27.85600
27.90400
27.89200
27.96800
27.88800
27.94800
27.96400
28.09200
28.04800
28.06000
28.16800
28.27400
28.34000
28.40000
28.58800
28.62800
28.68000
28.64400
28.66000
28.69200
28.66400
28.67600
28.70000
28.83200
28.85200
28.92400
28.97200
28.96400
28.93200
28.94400
28.98800
29.09000
29.11600
29.09200
29.07600
29.00400
29.07600
29.09200
29.14000
29.15200
29.17200
29.16400
29.18000
29.21200
29.19600
29.19200
29.17600
29.11600
29.22400
29.19600
29.21600
29.14800
29.20400
29.21600
29.19200
29.26400
29.32400
29.32800
29.38000
29.41200
29.35200
29.34000
29.38800
29.43600
29.51600
29.55600
29.52000
29.46800
29.48800
29.51200
29.54400
29.58800
29.54000
29.56000
29.60000
29.70800
29.73200
29.76000
29.80400
29.82000
29.83600
29.84000
29.84200
29.88000
29.92000
29.90400
29.88000
29.88400
29.92000
29.94000
29.94800
29.95200
29.93600
29.93600
29.94800
29.96000
29.95200
29.93400
29.93200
29.95200
29.93600
29.92400
29.92800
29.95000
29.96600
29.96000
29.93200
29.96000
29.96400
29.96400
29.97600
29.98000
29.98800
29.99600
30.00000
